01000001101000001111111111111100
01000000001000001011001111000000
01000000000000001111111111111111
00110100111000010000100000000000
00110000111000011000100000000000
01001000010000001000000000000000
01000100010000001000000000000111
00001000000011011111111111111010
01000001101000000000000110101000
00010101101000111111111111111100
00010101101001000000000000000100
01100100011001000000000000000000
10000000101000000000000000000000
10000100101000000000000000000000
01100000001000100000000000000000
10000000101000000000000000000000
10000100101000000000000000000000
00100100111000010000100000000000
00100111010000100000100000000000
00101011010000100000100000000000
00101111010000100000100000000000
00001001110100110000000000000010
01000001110100110000000000000100
00001100100000001111111111111101
01000000101001010000000000001100
00010001101000011111111111111100
00010001101000100000000000000100
00001011100101110000000000000010
01000011100101110000000000000010
00000101000010011111111111111101
01000000001000010000000000000001
01000000110001100000000000000100
00011000000000000000000000000000
11111111111111111111111111111111
11111111111111111111111111111110
11111111111111111111111111111101
00000000000000000000000000000001
00000000000000000000000000000010
00000000000000000000000000000100
11111111111111111111111111111100
00000000000000010000000000001010
00000000000000000000000000000111
00000000000000000000010000001001
00000000000000000000000000000001
00000000000000000000000000000000
11111111111111111111111111111111
00000000000000000000000000000001
11111111111111111111111111111111
00000000000000000000000000000000
