--------------------
Cycle 1: 	256	ADDI R13, R0, #-4

Registers

R00:	0	0	0	0	0	0	0	0
R08:	0	0	0	0	0	-4	0	0
R16:	0	0	0	0	0	0	0	0
R24:	0	0	0	0	0	0	0	0
Data
388:	-1	-2	-3	1	2	4	-4	65546
420:	7	1033	1	0	-1	1	-1	0
--------------------
Cycle 2: 	260	ADDI R1, R0, #-19520

Registers

R00:	0	-19520	0	0	0	0	0	0
R08:	0	0	0	0	0	-4	0	0
R16:	0	0	0	0	0	0	0	0
R24:	0	0	0	0	0	0	0	0
Data
388:	-1	-2	-3	1	2	4	-4	65546
420:	7	1033	1	0	-1	1	-1	0
--------------------
Cycle 3: 	264	ADDI R0, R0, #-1

Registers

R00:	-1	-19520	0	0	0	0	0	0
R08:	0	0	0	0	0	-4	0	0
R16:	0	0	0	0	0	0	0	0
R24:	0	0	0	0	0	0	0	0
Data
388:	-1	-2	-3	1	2	4	-4	65546
420:	7	1033	1	0	-1	1	-1	0
--------------------
Cycle 4: 	268	SRA R7, R1, #1

Registers

R00:	-1	-19520	0	0	0	0	0	-9760
R08:	0	0	0	0	0	-4	0	0
R16:	0	0	0	0	0	0	0	0
R24:	0	0	0	0	0	0	0	0
Data
388:	-1	-2	-3	1	2	4	-4	65546
420:	7	1033	1	0	-1	1	-1	0
--------------------
Cycle 5: 	272	SRL R7, R1, #17

Registers

R00:	-1	-19520	0	0	0	0	0	32767
R08:	0	0	0	0	0	-4	0	0
R16:	0	0	0	0	0	0	0	0
R24:	0	0	0	0	0	0	0	0
Data
388:	-1	-2	-3	1	2	4	-4	65546
420:	7	1033	1	0	-1	1	-1	0
--------------------
Cycle 6: 	276	ORI R2, R0, #32768

Registers

R00:	-1	-19520	-1	0	0	0	0	32767
R08:	0	0	0	0	0	-4	0	0
R16:	0	0	0	0	0	0	0	0
R24:	0	0	0	0	0	0	0	0
Data
388:	-1	-2	-3	1	2	4	-4	65546
420:	7	1033	1	0	-1	1	-1	0
--------------------
Cycle 7: 	280	ANDI R2, R0, #32775

Registers

R00:	-1	-19520	32775	0	0	0	0	32767
R08:	0	0	0	0	0	-4	0	0
R16:	0	0	0	0	0	0	0	0
R24:	0	0	0	0	0	0	0	0
Data
388:	-1	-2	-3	1	2	4	-4	65546
420:	7	1033	1	0	-1	1	-1	0
--------------------
Cycle 8: 	284	BNE R0, R13, #-24

Registers

R00:	-1	-19520	32775	0	0	0	0	32767
R08:	0	0	0	0	0	-4	0	0
R16:	0	0	0	0	0	0	0	0
R24:	0	0	0	0	0	0	0	0
Data
388:	-1	-2	-3	1	2	4	-4	65546
420:	7	1033	1	0	-1	1	-1	0
--------------------
Cycle 9: 	264	ADDI R0, R0, #-1

Registers

R00:	-2	-19520	32775	0	0	0	0	32767
R08:	0	0	0	0	0	-4	0	0
R16:	0	0	0	0	0	0	0	0
R24:	0	0	0	0	0	0	0	0
Data
388:	-1	-2	-3	1	2	4	-4	65546
420:	7	1033	1	0	-1	1	-1	0
--------------------
Cycle 10: 	268	SRA R7, R1, #1

Registers

R00:	-2	-19520	32775	0	0	0	0	-9760
R08:	0	0	0	0	0	-4	0	0
R16:	0	0	0	0	0	0	0	0
R24:	0	0	0	0	0	0	0	0
Data
388:	-1	-2	-3	1	2	4	-4	65546
420:	7	1033	1	0	-1	1	-1	0
--------------------
Cycle 11: 	272	SRL R7, R1, #17

Registers

R00:	-2	-19520	32775	0	0	0	0	32767
R08:	0	0	0	0	0	-4	0	0
R16:	0	0	0	0	0	0	0	0
R24:	0	0	0	0	0	0	0	0
Data
388:	-1	-2	-3	1	2	4	-4	65546
420:	7	1033	1	0	-1	1	-1	0
--------------------
Cycle 12: 	276	ORI R2, R0, #32768

Registers

R00:	-2	-19520	-2	0	0	0	0	32767
R08:	0	0	0	0	0	-4	0	0
R16:	0	0	0	0	0	0	0	0
R24:	0	0	0	0	0	0	0	0
Data
388:	-1	-2	-3	1	2	4	-4	65546
420:	7	1033	1	0	-1	1	-1	0
--------------------
Cycle 13: 	280	ANDI R2, R0, #32775

Registers

R00:	-2	-19520	32774	0	0	0	0	32767
R08:	0	0	0	0	0	-4	0	0
R16:	0	0	0	0	0	0	0	0
R24:	0	0	0	0	0	0	0	0
Data
388:	-1	-2	-3	1	2	4	-4	65546
420:	7	1033	1	0	-1	1	-1	0
--------------------
Cycle 14: 	284	BNE R0, R13, #-24

Registers

R00:	-2	-19520	32774	0	0	0	0	32767
R08:	0	0	0	0	0	-4	0	0
R16:	0	0	0	0	0	0	0	0
R24:	0	0	0	0	0	0	0	0
Data
388:	-1	-2	-3	1	2	4	-4	65546
420:	7	1033	1	0	-1	1	-1	0
--------------------
Cycle 15: 	264	ADDI R0, R0, #-1

Registers

R00:	-3	-19520	32774	0	0	0	0	32767
R08:	0	0	0	0	0	-4	0	0
R16:	0	0	0	0	0	0	0	0
R24:	0	0	0	0	0	0	0	0
Data
388:	-1	-2	-3	1	2	4	-4	65546
420:	7	1033	1	0	-1	1	-1	0
--------------------
Cycle 16: 	268	SRA R7, R1, #1

Registers

R00:	-3	-19520	32774	0	0	0	0	-9760
R08:	0	0	0	0	0	-4	0	0
R16:	0	0	0	0	0	0	0	0
R24:	0	0	0	0	0	0	0	0
Data
388:	-1	-2	-3	1	2	4	-4	65546
420:	7	1033	1	0	-1	1	-1	0
--------------------
Cycle 17: 	272	SRL R7, R1, #17

Registers

R00:	-3	-19520	32774	0	0	0	0	32767
R08:	0	0	0	0	0	-4	0	0
R16:	0	0	0	0	0	0	0	0
R24:	0	0	0	0	0	0	0	0
Data
388:	-1	-2	-3	1	2	4	-4	65546
420:	7	1033	1	0	-1	1	-1	0
--------------------
Cycle 18: 	276	ORI R2, R0, #32768

Registers

R00:	-3	-19520	-3	0	0	0	0	32767
R08:	0	0	0	0	0	-4	0	0
R16:	0	0	0	0	0	0	0	0
R24:	0	0	0	0	0	0	0	0
Data
388:	-1	-2	-3	1	2	4	-4	65546
420:	7	1033	1	0	-1	1	-1	0
--------------------
Cycle 19: 	280	ANDI R2, R0, #32775

Registers

R00:	-3	-19520	32773	0	0	0	0	32767
R08:	0	0	0	0	0	-4	0	0
R16:	0	0	0	0	0	0	0	0
R24:	0	0	0	0	0	0	0	0
Data
388:	-1	-2	-3	1	2	4	-4	65546
420:	7	1033	1	0	-1	1	-1	0
--------------------
Cycle 20: 	284	BNE R0, R13, #-24

Registers

R00:	-3	-19520	32773	0	0	0	0	32767
R08:	0	0	0	0	0	-4	0	0
R16:	0	0	0	0	0	0	0	0
R24:	0	0	0	0	0	0	0	0
Data
388:	-1	-2	-3	1	2	4	-4	65546
420:	7	1033	1	0	-1	1	-1	0
--------------------
Cycle 21: 	264	ADDI R0, R0, #-1

Registers

R00:	-4	-19520	32773	0	0	0	0	32767
R08:	0	0	0	0	0	-4	0	0
R16:	0	0	0	0	0	0	0	0
R24:	0	0	0	0	0	0	0	0
Data
388:	-1	-2	-3	1	2	4	-4	65546
420:	7	1033	1	0	-1	1	-1	0
--------------------
Cycle 22: 	268	SRA R7, R1, #1

Registers

R00:	-4	-19520	32773	0	0	0	0	-9760
R08:	0	0	0	0	0	-4	0	0
R16:	0	0	0	0	0	0	0	0
R24:	0	0	0	0	0	0	0	0
Data
388:	-1	-2	-3	1	2	4	-4	65546
420:	7	1033	1	0	-1	1	-1	0
--------------------
Cycle 23: 	272	SRL R7, R1, #17

Registers

R00:	-4	-19520	32773	0	0	0	0	32767
R08:	0	0	0	0	0	-4	0	0
R16:	0	0	0	0	0	0	0	0
R24:	0	0	0	0	0	0	0	0
Data
388:	-1	-2	-3	1	2	4	-4	65546
420:	7	1033	1	0	-1	1	-1	0
--------------------
Cycle 24: 	276	ORI R2, R0, #32768

Registers

R00:	-4	-19520	-4	0	0	0	0	32767
R08:	0	0	0	0	0	-4	0	0
R16:	0	0	0	0	0	0	0	0
R24:	0	0	0	0	0	0	0	0
Data
388:	-1	-2	-3	1	2	4	-4	65546
420:	7	1033	1	0	-1	1	-1	0
--------------------
Cycle 25: 	280	ANDI R2, R0, #32775

Registers

R00:	-4	-19520	32772	0	0	0	0	32767
R08:	0	0	0	0	0	-4	0	0
R16:	0	0	0	0	0	0	0	0
R24:	0	0	0	0	0	0	0	0
Data
388:	-1	-2	-3	1	2	4	-4	65546
420:	7	1033	1	0	-1	1	-1	0
--------------------
Cycle 26: 	284	BNE R0, R13, #-24

Registers

R00:	-4	-19520	32772	0	0	0	0	32767
R08:	0	0	0	0	0	-4	0	0
R16:	0	0	0	0	0	0	0	0
R24:	0	0	0	0	0	0	0	0
Data
388:	-1	-2	-3	1	2	4	-4	65546
420:	7	1033	1	0	-1	1	-1	0
--------------------
Cycle 27: 	288	ADDI R13, R0, #424

Registers

R00:	-4	-19520	32772	0	0	0	0	32767
R08:	0	0	0	0	0	420	0	0
R16:	0	0	0	0	0	0	0	0
R24:	0	0	0	0	0	0	0	0
Data
388:	-1	-2	-3	1	2	4	-4	65546
420:	7	1033	1	0	-1	1	-1	0
--------------------
Cycle 28: 	292	LW R3, -4(R13)

Registers

R00:	-4	-19520	32772	65546	0	0	0	32767
R08:	0	0	0	0	0	420	0	0
R16:	0	0	0	0	0	0	0	0
R24:	0	0	0	0	0	0	0	0
Data
388:	-1	-2	-3	1	2	4	-4	65546
420:	7	1033	1	0	-1	1	-1	0
--------------------
Cycle 29: 	296	LW R4, 4(R13)

Registers

R00:	-4	-19520	32772	65546	1033	0	0	32767
R08:	0	0	0	0	0	420	0	0
R16:	0	0	0	0	0	0	0	0
R24:	0	0	0	0	0	0	0	0
Data
388:	-1	-2	-3	1	2	4	-4	65546
420:	7	1033	1	0	-1	1	-1	0
--------------------
Cycle 30: 	300	DIV R3, R4

Registers

R00:	-4	-19520	32772	65546	1033	0	0	32767
R08:	0	0	0	0	0	420	0	0
R16:	0	0	0	0	0	0	0	0
R24:	0	0	0	0	0	0	0	0
Data
388:	-1	-2	-3	1	2	4	-4	65546
420:	7	1033	1	0	-1	1	-1	0
--------------------
Cycle 31: 	304	MFHI R5

Registers

R00:	-4	-19520	32772	65546	1033	467	0	32767
R08:	0	0	0	0	0	420	0	0
R16:	0	0	0	0	0	0	0	0
R24:	0	0	0	0	0	0	0	0
Data
388:	-1	-2	-3	1	2	4	-4	65546
420:	7	1033	1	0	-1	1	-1	0
--------------------
Cycle 32: 	308	MFLO R5

Registers

R00:	-4	-19520	32772	65546	1033	63	0	32767
R08:	0	0	0	0	0	420	0	0
R16:	0	0	0	0	0	0	0	0
R24:	0	0	0	0	0	0	0	0
Data
388:	-1	-2	-3	1	2	4	-4	65546
420:	7	1033	1	0	-1	1	-1	0
--------------------
Cycle 33: 	312	MULT R1, R2

Registers

R00:	-4	-19520	32772	65546	1033	63	0	32767
R08:	0	0	0	0	0	420	0	0
R16:	0	0	0	0	0	0	0	0
R24:	0	0	0	0	0	0	0	0
Data
388:	-1	-2	-3	1	2	4	-4	65546
420:	7	1033	1	0	-1	1	-1	0
--------------------
Cycle 34: 	316	MFHI R5

Registers

R00:	-4	-19520	32772	65546	1033	-1	0	32767
R08:	0	0	0	0	0	420	0	0
R16:	0	0	0	0	0	0	0	0
R24:	0	0	0	0	0	0	0	0
Data
388:	-1	-2	-3	1	2	4	-4	65546
420:	7	1033	1	0	-1	1	-1	0
--------------------
Cycle 35: 	320	MFLO R5

Registers

R00:	-4	-19520	32772	65546	1033	-639709440	0	32767
R08:	0	0	0	0	0	420	0	0
R16:	0	0	0	0	0	0	0	0
R24:	0	0	0	0	0	0	0	0
Data
388:	-1	-2	-3	1	2	4	-4	65546
420:	7	1033	1	0	-1	1	-1	0
--------------------
Cycle 36: 	324	SUB R7, R1, R1

Registers

R00:	-4	-19520	32772	65546	1033	-639709440	0	0
R08:	0	0	0	0	0	420	0	0
R16:	0	0	0	0	0	0	0	0
R24:	0	0	0	0	0	0	0	0
Data
388:	-1	-2	-3	1	2	4	-4	65546
420:	7	1033	1	0	-1	1	-1	0
--------------------
Cycle 37: 	328	SUB R26, R2, R1

Registers

R00:	-4	-19520	32772	65546	1033	-639709440	0	0
R08:	0	0	0	0	0	420	0	0
R16:	0	0	0	0	0	0	0	0
R24:	0	0	52292	0	0	0	0	0
Data
388:	-1	-2	-3	1	2	4	-4	65546
420:	7	1033	1	0	-1	1	-1	0
--------------------
Cycle 38: 	332	AND R26, R2, R1

Registers

R00:	-4	-19520	32772	65546	1033	-639709440	0	0
R08:	0	0	0	0	0	420	0	0
R16:	0	0	0	0	0	0	0	0
R24:	0	0	32768	0	0	0	0	0
Data
388:	-1	-2	-3	1	2	4	-4	65546
420:	7	1033	1	0	-1	1	-1	0
--------------------
Cycle 39: 	336	OR R26, R2, R1

Registers

R00:	-4	-19520	32772	65546	1033	-639709440	0	0
R08:	0	0	0	0	0	420	0	0
R16:	0	0	0	0	0	0	0	0
R24:	0	0	-19516	0	0	0	0	0
Data
388:	-1	-2	-3	1	2	4	-4	65546
420:	7	1033	1	0	-1	1	-1	0
--------------------
Cycle 40: 	340	BNE R14, R19, #8

Registers

R00:	-4	-19520	32772	65546	1033	-639709440	0	0
R08:	0	0	0	0	0	420	0	0
R16:	0	0	0	0	0	0	0	0
R24:	0	0	-19516	0	0	0	0	0
Data
388:	-1	-2	-3	1	2	4	-4	65546
420:	7	1033	1	0	-1	1	-1	0
--------------------
Cycle 41: 	344	ADDI R14, R19, #4

Registers

R00:	-4	-19520	32772	65546	1033	-639709440	0	0
R08:	0	0	0	0	0	420	4	0
R16:	0	0	0	0	0	0	0	0
R24:	0	0	-19516	0	0	0	0	0
Data
388:	-1	-2	-3	1	2	4	-4	65546
420:	7	1033	1	0	-1	1	-1	0
--------------------
Cycle 42: 	348	BGTZ R4, #-12

Registers

R00:	-4	-19520	32772	65546	1033	-639709440	0	0
R08:	0	0	0	0	0	420	4	0
R16:	0	0	0	0	0	0	0	0
R24:	0	0	-19516	0	0	0	0	0
Data
388:	-1	-2	-3	1	2	4	-4	65546
420:	7	1033	1	0	-1	1	-1	0
--------------------
Cycle 43: 	340	BNE R14, R19, #8

Registers

R00:	-4	-19520	32772	65546	1033	-639709440	0	0
R08:	0	0	0	0	0	420	4	0
R16:	0	0	0	0	0	0	0	0
R24:	0	0	-19516	0	0	0	0	0
Data
388:	-1	-2	-3	1	2	4	-4	65546
420:	7	1033	1	0	-1	1	-1	0
--------------------
Cycle 44: 	352	ADDI R5, R5, #12

Registers

R00:	-4	-19520	32772	65546	1033	-639709428	0	0
R08:	0	0	0	0	0	420	4	0
R16:	0	0	0	0	0	0	0	0
R24:	0	0	-19516	0	0	0	0	0
Data
388:	-1	-2	-3	1	2	4	-4	65546
420:	7	1033	1	0	-1	1	-1	0
--------------------
Cycle 45: 	356	SW R1, -4(R13)

Registers

R00:	-4	-19520	32772	65546	1033	-639709428	0	0
R08:	0	0	0	0	0	420	4	0
R16:	0	0	0	0	0	0	0	0
R24:	0	0	-19516	0	0	0	0	0
Data
388:	-1	-2	-3	1	2	4	-4	-19520
420:	7	1033	1	0	-1	1	-1	0
--------------------
Cycle 46: 	360	SW R2, 4(R13)

Registers

R00:	-4	-19520	32772	65546	1033	-639709428	0	0
R08:	0	0	0	0	0	420	4	0
R16:	0	0	0	0	0	0	0	0
R24:	0	0	-19516	0	0	0	0	0
Data
388:	-1	-2	-3	1	2	4	-4	-19520
420:	7	32772	1	0	-1	1	-1	0
--------------------
Cycle 47: 	364	BNE R28, R23, #8

Registers

R00:	-4	-19520	32772	65546	1033	-639709428	0	0
R08:	0	0	0	0	0	420	4	0
R16:	0	0	0	0	0	0	0	0
R24:	0	0	-19516	0	0	0	0	0
Data
388:	-1	-2	-3	1	2	4	-4	-19520
420:	7	32772	1	0	-1	1	-1	0
--------------------
Cycle 48: 	368	ADDI R28, R23, #2

Registers

R00:	-4	-19520	32772	65546	1033	-639709428	0	0
R08:	0	0	0	0	0	420	4	0
R16:	0	0	0	0	0	0	0	0
R24:	0	0	-19516	0	2	0	0	0
Data
388:	-1	-2	-3	1	2	4	-4	-19520
420:	7	32772	1	0	-1	1	-1	0
--------------------
Cycle 49: 	372	BEQ R8, R9, #-12

Registers

R00:	-4	-19520	32772	65546	1033	-639709428	0	0
R08:	0	0	0	0	0	420	4	0
R16:	0	0	0	0	0	0	0	0
R24:	0	0	-19516	0	2	0	0	0
Data
388:	-1	-2	-3	1	2	4	-4	-19520
420:	7	32772	1	0	-1	1	-1	0
--------------------
Cycle 50: 	364	BNE R28, R23, #8

Registers

R00:	-4	-19520	32772	65546	1033	-639709428	0	0
R08:	0	0	0	0	0	420	4	0
R16:	0	0	0	0	0	0	0	0
R24:	0	0	-19516	0	2	0	0	0
Data
388:	-1	-2	-3	1	2	4	-4	-19520
420:	7	32772	1	0	-1	1	-1	0
--------------------
Cycle 51: 	376	ADDI R1, R1, #1

Registers

R00:	-4	-19519	32772	65546	1033	-639709428	0	0
R08:	0	0	0	0	0	420	4	0
R16:	0	0	0	0	0	0	0	0
R24:	0	0	-19516	0	2	0	0	0
Data
388:	-1	-2	-3	1	2	4	-4	-19520
420:	7	32772	1	0	-1	1	-1	0
--------------------
Cycle 52: 	380	ADDI R6, R6, #4

Registers

R00:	-4	-19519	32772	65546	1033	-639709428	4	0
R08:	0	0	0	0	0	420	4	0
R16:	0	0	0	0	0	0	0	0
R24:	0	0	-19516	0	2	0	0	0
Data
388:	-1	-2	-3	1	2	4	-4	-19520
420:	7	32772	1	0	-1	1	-1	0
--------------------
Cycle 53: 	384	BREAK

Registers

R00:	-4	-19519	32772	65546	1033	-639709428	4	0
R08:	0	0	0	0	0	420	4	0
R16:	0	0	0	0	0	0	0	0
R24:	0	0	-19516	0	2	0	0	0
Data
388:	-1	-2	-3	1	2	4	-4	-19520
420:	7	32772	1	0	-1	1	-1	0
